%%? 1d 2ch akku
%? 2020-11-13 16:27:05.692039
%. 

%! nruns 25
%! npoints 310
%! bstart 3365.00000 G
%! bstop 3396.00000 G
%! bstep 0.10000 G
%! modamp 2.00000000e-01 G
%! modfreq 1.00000000e+05 Hz
%! li_tc 1.00000000e-02 s
%! li_level 7.07200000e-02 V
%! li_phase 338.00 deg
%! li_sens 1.00000000e-03 V
%! conv_time 3 TC
%! mw_freq 9.40235229e+09 Hz
%! attn 22 dB
%! temp 295.00 K
%! li_level 0.07 V
-2.14472756e-06 1.87664656e-06 -1.64423133e-06 -2.96112298e-07 4.98194694e-07 7.75249232e-07 -1.83482918e-07 2.19689504e-06 3.34550278e-06 -3.63780396e-06 -3.52762064e-07 2.07798976e-07 1.80875119e-06 1.98899888e-06 -1.14537609e-06 -2.24268034e-06 2.13166175e-06 2.42254110e-06 -6.46976304e-07 -4.15680007e-06 -6.89703248e-07 7.52064560e-07 -3.99724162e-06 -7.20798416e-07 -1.62049932e-06 -6.95898998e-07 -3.76598463e-06 -1.75477770e-07 -2.12327577e-06 2.10956186e-07 -8.97601840e-07 -3.32575888e-06 8.03761104e-07 -4.72642768e-07 -1.84889961e-06 2.24877216e-06 1.10674624e-06 1.29509395e-06 -3.09154080e-06 -2.40012615e-06 -1.57748698e-07 -2.79217831e-06 4.44328378e-06 6.23830173e-06 -1.03645819e-06 2.01055069e-06 -6.65569694e-07 2.29035872e-06 -4.33475911e-06 3.22400402e-06 3.58590128e-07 6.97655173e-06 -4.94666982e-07 3.51125718e-06 -1.85518365e-06 -2.72589749e-06 -2.18831533e-06 4.20915931e-06 -3.40559240e-06 4.00554701e-06 -3.43796608e-07 -9.45570883e-07 -3.64439188e-06 1.33562269e-06 -1.22635594e-07 -2.56536509e-07 -3.54214830e-06 -3.01552576e-07 -1.15280828e-06 -2.76032786e-06 -5.01854984e-06 1.12830052e-06 -4.26161782e-06 2.89747469e-06 2.04993912e-06 -5.41310594e-07 9.21163606e-07 1.63880553e-06 -2.27385937e-06 -1.27735965e-06 4.66912383e-06 1.88637900e-06 6.62715462e-07 5.45800502e-06 9.22006301e-07 -1.40592692e-06 -2.53812688e-06 6.58942048e-08 -3.08334573e-06 -3.88151360e-07 -1.85147330e-06 5.77646880e-07 -8.36383104e-08 -7.13252080e-07 -5.66490602e-07 2.72350811e-06 9.05056118e-08 4.37354570e-07 -2.24458520e-06 1.39027541e-06 -2.44485199e-06 5.50553190e-07 -2.29206860e-06 -1.50585453e-06 -4.86758470e-07 -1.05886701e-06 2.21158122e-06 -5.91181792e-07 2.07520943e-06 2.18535460e-06 1.44710646e-06 -6.21806557e-07 4.46035720e-07 3.74529251e-06 2.06576002e-06 -3.14809855e-06 -8.18448842e-07 -6.61856224e-07 -1.63994393e-06 1.73321834e-06 1.54868532e-06 -1.90249602e-06 1.26467059e-06 -4.20791851e-06 -4.54428377e-06 9.42423280e-07 2.29189355e-06 1.67733235e-06 -2.16303565e-06 -3.09937558e-08 4.00454176e-07 -6.11596864e-07 -2.11507707e-06 -8.85382160e-07 -2.47355619e-06 8.94455248e-07 1.33000155e-06 -2.15912963e-06 -2.21339153e-06 1.57128185e-06 3.25208288e-07 1.33420288e-07 -2.86399246e-06 3.65226538e-08 -5.82410704e-07 1.21384230e-06 6.65662378e-07 1.93243800e-06 -1.69663008e-07 -1.29776843e-06 -2.12204193e-06 -2.63730584e-06 1.74237071e-06 -1.45159936e-06 -7.36526016e-07 2.57045078e-06 -1.42784981e-06 1.25627949e-06 9.13568960e-08 2.30599576e-06 -3.32260448e-07 -6.19992368e-07 3.13564512e-07 -3.56065443e-06 4.67392742e-07 3.62297600e-09 1.09968388e-06 6.66808880e-07 -3.60767462e-06 -1.71690945e-06 2.98400000e-08 2.76548562e-06 1.78080755e-06 9.89630848e-07 -2.73038502e-06 2.87713542e-07 2.05289843e-06 -4.04740960e-07 -3.10614400e-07 1.60837868e-06 3.97341048e-06 2.91463741e-06 -2.40365280e-08 1.30282486e-06 1.67236922e-06 3.04219136e-07 -3.81251813e-06 2.14463791e-06 3.03785000e-06 4.46559833e-06 3.00828986e-06 -2.83813976e-06 1.31111667e-06 -4.51859216e-07 1.90469492e-06 4.11894110e-06 -1.16148661e-06 3.14533098e-06 1.25542082e-06 -8.18065123e-07 -7.23739690e-07 -2.99925024e-07 1.17678082e-07 2.36140583e-06 2.75384710e-06 -1.28708570e-06 -3.56399914e-06 1.17817108e-06 -9.65785904e-07 1.15957621e-06 -1.94369581e-06 -2.74517243e-06 8.81963082e-07 2.22846535e-06 1.41296562e-06 -4.62925704e-06 3.84161315e-06 -2.01903241e-06 2.29549440e-07 4.46796992e-07 2.38791250e-06 5.42162496e-07 -2.41232875e-06 6.95945920e-09 2.09809192e-06 -4.80435194e-06 -5.32340058e-07 5.33484880e-07 -1.48515672e-06 -1.57939002e-06 -2.70740442e-06 -3.10613368e-06 2.40660505e-06 6.05588730e-07 2.50360237e-06 4.04274742e-06 2.13050282e-07 -5.30627488e-07 2.09752204e-06 -2.84301650e-06 -4.84370992e-07 3.92826000e-07 3.73670457e-06 1.24236349e-06 2.77335968e-07 1.69792312e-06 2.68060291e-06 8.54493952e-07 -6.78075968e-08 -6.08644190e-07 -3.95100187e-06 -1.55545499e-06 -8.19119829e-07 3.92982750e-06 -3.51044204e-07 2.33669322e-06 -4.63571584e-07 2.19851526e-06 -1.83917122e-06 7.87829933e-07 1.80623290e-07 9.60358112e-08 -2.88822157e-06 -8.11864547e-07 -5.97194240e-07 -4.04026888e-06 8.32854112e-07 8.87401920e-07 3.68702433e-06 3.03088475e-06 8.23126182e-07 -5.59874608e-08 4.00542755e-07 3.03650950e-06 3.17842504e-06 8.18299040e-08 -5.09847176e-06 2.41224586e-06 -2.31177088e-07 -1.67523229e-06 8.88351629e-07 2.00969129e-06 3.43000819e-06 -1.76496128e-08 1.17330920e-06 1.48840900e-06 -1.46304053e-06 -4.15756695e-06 3.86716368e-07 -8.62409216e-07 -2.44847793e-06 9.53577510e-07 -1.58797531e-06 -1.96932358e-07 -3.99685870e-07 1.89705734e-06 3.80984563e-06 1.31264474e-06 -1.40181234e-06 2.38600637e-06 -1.05677238e-06 1.36938674e-06 1.10788549e-06 -1.19448675e-06 1.90782928e-06 1.28584753e-06 4.67655331e-06 2.05041502e-06 2.50149725e-06 1.23138951e-06 
-2.14120577e-06 6.11022352e-07 -2.03200460e-06 1.24950925e-06 3.82233398e-07 -1.97600000e-10 -2.93713805e-06 2.81488429e-06 3.77749936e-07 3.30545385e-06 1.42794572e-06 1.88771534e-06 -2.88726746e-06 1.01586198e-06 -5.36643020e-07 5.29539788e-06 -1.65797021e-06 1.96571690e-06 -1.07403672e-06 -4.99127134e-06 2.93825146e-07 -2.77047018e-07 3.16039680e-06 5.49299748e-06 5.67919110e-07 1.52931606e-06 -1.52867690e-07 1.94931100e-06 1.31455395e-06 -1.73607257e-06 2.02275077e-06 9.19245664e-07 1.99033123e-06 7.60848218e-07 -3.91392726e-07 -1.26371818e-06 7.42444002e-07 1.46742971e-06 -1.21984848e-06 -7.20218594e-07 1.83878771e-06 2.82975016e-06 4.10454880e-06 1.55344837e-06 -1.22614385e-06 -5.77551434e-07 2.39471136e-07 -1.29033154e-06 -3.52475552e-07 1.16110443e-06 -2.06452576e-06 -8.66922990e-08 -1.01653159e-06 2.10572769e-06 5.60763034e-07 -2.71226513e-06 -2.64588376e-06 1.34697157e-06 3.28018361e-06 8.21598764e-07 9.12480634e-07 -2.07959285e-06 -6.82455638e-07 1.95125773e-07 -2.51504118e-06 2.47689724e-06 -2.81616367e-07 7.05343389e-07 -1.65300107e-06 -1.21613731e-06 1.84965954e-06 3.07952789e-06 -1.20544538e-07 -2.64884814e-06 -3.56265946e-06 1.93625360e-06 3.21960922e-07 -1.40257226e-06 7.12786026e-07 -2.37275132e-06 3.36657604e-06 1.33802032e-06 -2.85624422e-07 1.98174257e-06 5.12125440e-06 1.73416672e-06 -2.73696406e-06 3.38222884e-06 3.50670848e-07 2.94200937e-06 4.43060651e-06 5.38160176e-07 -3.42380498e-06 -1.42489820e-06 -1.17808382e-06 4.24583520e-07 -8.91406387e-07 6.13020429e-07 -1.76002209e-06 1.42556440e-06 -5.38821261e-07 -2.14243788e-06 1.30139759e-06 1.25342707e-06 -2.28034240e-07 -6.98283846e-07 3.46032835e-06 -1.52120480e-07 -2.91530614e-06 -4.80851088e-07 4.93050144e-08 3.51048987e-06 -4.80653472e-08 1.17331812e-06 -1.51415641e-06 -1.45302538e-06 2.97500603e-06 -2.11316681e-06 2.35464864e-07 -3.38795318e-06 1.42317865e-06 -1.66884332e-06 -1.33705828e-06 -3.17476429e-07 7.48659638e-08 2.97433738e-06 -1.52273962e-06 8.87490864e-07 -3.47606068e-06 2.02533305e-06 1.17769844e-06 -3.09178288e-07 -2.46716355e-07 -1.24112518e-06 1.16005278e-06 3.43791080e-06 -2.15626740e-06 1.27841003e-06 1.11742270e-06 2.65799960e-06 2.73248622e-06 1.57826992e-07 -9.92463680e-09 -2.83620355e-07 1.82113892e-06 2.17486689e-06 -7.71817376e-07 -1.93873996e-06 2.54967385e-06 1.14623486e-06 -8.13959344e-07 2.88993082e-06 5.50283018e-06 1.28804268e-06 1.74275717e-06 2.80553438e-06 -1.57681790e-06 -4.42717426e-06 5.52851840e-07 -1.39847868e-06 -5.15978860e-06 -8.29991789e-07 1.99728893e-06 -2.09208641e-06 -1.72024886e-06 1.79665792e-07 1.08528788e-06 -2.87782107e-06 -1.97640810e-06 -3.76379295e-06 2.51075697e-06 1.78519339e-06 3.22305729e-06 4.05255787e-06 2.21215715e-06 2.10124232e-06 -9.27748636e-07 -4.00542690e-07 -2.82689594e-06 -1.81967677e-07 1.97048962e-06 -1.13583488e-06 1.21308512e-07 3.26119862e-06 7.06202944e-07 1.01556459e-06 -1.29251902e-06 -8.27223286e-07 -2.18869747e-06 1.94254748e-06 -5.17192496e-07 1.76078354e-06 -8.09707680e-08 -2.40174297e-06 -1.22729345e-06 -3.58205701e-07 6.87601648e-07 1.59036097e-06 -2.88917330e-06 7.62181056e-07 1.19705641e-06 9.74949556e-07 -2.75965291e-06 2.12957075e-06 -9.16679552e-07 1.98936491e-06 1.70356134e-06 9.81139744e-07 1.46838988e-06 3.46285750e-07 -1.02809776e-07 -5.00119390e-06 -2.13442890e-06 2.27271799e-06 3.40034453e-06 1.74904522e-06 8.62216000e-07 -1.38197832e-06 3.07475839e-06 5.11646307e-07 -1.53885287e-06 2.24629022e-06 -8.65944282e-07 6.05103603e-07 -7.01434518e-07 4.71408600e-07 -2.81402398e-06 -4.89980462e-06 -1.50185593e-06 -8.90542758e-07 -4.05031224e-07 1.51921070e-06 -9.39944396e-07 3.43829499e-06 -2.67573341e-06 1.28574706e-06 2.87620326e-06 2.18745466e-06 3.94012325e-06 -2.99626891e-06 4.23405632e-08 4.59215873e-06 7.83635174e-07 -4.65128456e-06 3.45298257e-06 -3.81805050e-06 -6.18173714e-07 7.68472016e-07 -2.96012444e-06 -2.09075122e-06 -6.27041392e-07 1.03874576e-06 -2.09647078e-06 -7.48622496e-08 5.57231978e-07 -2.48042563e-06 -4.30109290e-07 8.89304038e-07 3.86325628e-06 3.29524954e-06 9.68647136e-07 3.68664284e-06 -7.04203968e-07 -3.69836730e-06 -2.86122678e-06 -2.99283502e-06 8.36950752e-07 1.70670739e-06 3.20589268e-06 -2.35921223e-06 5.69921244e-07 9.80478400e-07 5.00348133e-06 2.44552465e-06 9.77618608e-07 -1.85100211e-06 -4.32589165e-06 4.12437735e-06 -3.31399004e-07 4.65597037e-06 7.86595872e-07 1.43531011e-07 -1.60113304e-06 -1.84822160e-07 9.69219622e-07 1.61152805e-06 2.22017843e-07 2.97471188e-06 -1.06354539e-06 3.19675018e-07 8.44767888e-07 -2.27166519e-06 2.15721411e-07 -1.12305631e-06 1.31284353e-06 -6.26762490e-07 2.55204116e-06 1.82896489e-06 2.64827215e-06 8.27800778e-08 1.89868067e-06 2.89194102e-06 1.42279837e-06 1.67303688e-06 -3.51983280e-06 2.19946949e-06 -1.03627197e-06 -3.55836395e-06 -1.89335025e-06 2.52649117e-06 