%%? 1d 2ch akku
%? 2020-11-11 19:43:36.840727
%. 

%! nruns 6
%! npoints 62
%! bstart 0.00000 G
%! bstop 3396.00000 G
%! bstep 0.50000 G
%! modamp 1e+00 G
%! modfreq 1e+05 Hz
%! li_tc 1e-02 s
%! li_level 3e-01 V
%! li_phase 338.00 deg
%! li_sens 1e-03 V
%! conv_time 3 TC
%! mw_freq -1e+00 Hz
%! attn 22 dB
%! temp 295.00 K
%! li_level 0.29 V
-1e-05 -8e-06 -6e-06 -1e-05 -1e-05 -1e-05 -8e-06 -1e-05 -1e-05 -8e-06 -7e-06 -7e-06 -7e-06 -1e-05 2e-07 -7e-06 2e-06 3e-05 4e-04 -4e-05 -5e-04 -2e-05 -5e-07 4e-06 8e-06 2e-05 6e-05 1e-04 2e-04 3e-04 7e-05 -5e-04 -2e-04 -5e-05 -4e-05 -3e-05 -2e-05 -2e-05 -2e-05 -9e-06 2e-05 4e-04 -1e-04 -4e-04 -3e-05 -1e-05 -1e-05 -1e-05 -8e-06 -1e-05 -1e-05 -2e-05 -2e-05 -1e-05 4e-07 -1e-05 -9e-06 -2e-06 -7e-06 -1e-05 -5e-06 -2e-05 
5.84652886e-06 -3.55336974e-06 -1.10166952e-06 -8.64608890e-06 -5.48948967e-06 -3.84779888e-06 1.92992287e-06 3.36741530e-06 -5.27694255e-06 5.37673625e-06 3.86041819e-06 -1.06145342e-05 4.35934687e-06 1.02295368e-06 5.73952547e-06 3.20571029e-07 7.45737863e-06 5.01990734e-05 9.20914661e-05 -1.82332857e-05 -7.61974582e-05 -1.87656985e-05 -9.87048739e-06 3.84257467e-06 5.50300803e-06 5.90912920e-06 2.27259462e-05 4.31333659e-05 4.79610027e-05 8.65956693e-05 -9.80081458e-08 -1.17099914e-04 -8.30844242e-05 -1.65227041e-05 -8.93976447e-06 -5.87943687e-06 1.34348687e-06 -7.13069966e-06 1.95537115e-06 -1.78878646e-06 6.49354843e-05 8.00155548e-05 -3.35458099e-05 -1.22694269e-04 -1.98281572e-05 -9.80799640e-06 -2.96940224e-06 1.33762647e-06 -1.35740329e-06 -1.94579963e-06 4.57176944e-06 -5.22085107e-06 -6.82048919e-06 4.74450088e-06 -3.52586560e-06 -2.09057848e-06 1.80918994e-06 3.42492518e-06 -2.33642942e-06 -2.32689716e-06 2.27815371e-06 7.77889562e-07 