%%? 1d 2ch akku
%? 2020-11-13 20:14:27.025606
%. 
%! nruns 2
%! npoints 310
%! bstart 3365.00000 G
%! bstop 3396.00000 G
%! bstep 0.10000 G
%! modamp 1.00000000e+00 V

%! modfreq 1.00000000e+05 Hz
%! li_tc 1.00000000e-02 s
%! li_level 0.00000000e+00 V
%! li_phase 338.00 deg
%! li_sens 1.00000000e-03 V
%! conv_time 3 TC
%! mw_freq 9.38830739e+09 Hz
%! attn 22 dB
%! temp 295.00 K
%! li_level 0.00 V
-9.77523500e-06 2.75673500e-06 2.44380675e-06 -1.34110750e-06 1.01626725e-05 -5.97540875e-06 -9.68580000e-07 1.02073675e-05 1.40071750e-06 -3.97862883e-06 -5.96042500e-08 -4.52997250e-06 2.90574250e-06 7.89762500e-07 -4.87270250e-06 -1.03712475e-05 6.25852250e-07 -1.06543725e-05 -1.40816250e-05 -6.58635500e-06 -2.72692500e-06 -8.30003000e-06 4.44056250e-06 4.97700625e-06 -9.00035000e-06 -5.26013250e-06 4.87270250e-06 -1.87159500e-05 7.31650000e-06 -2.38419625e-06 6.85457500e-07 -1.27256825e-05 1.56463750e-06 -1.59741625e-05 -1.89246000e-06 -5.81148000e-07 -2.38420000e-07 -7.04829250e-06 -3.24847500e-06 -5.97541500e-06 5.85619250e-06 -1.69874175e-06 -3.27830000e-07 -9.47722250e-06 -1.16825500e-05 -7.22710000e-06 -9.13448250e-06 -8.22550500e-06 -6.69065750e-06 -8.50860500e-06 -1.27256250e-05 -5.34953750e-06 -8.94070000e-08 -1.83285500e-06 -1.33366250e-05 -4.48528250e-06 -4.84290000e-06 -1.66894025e-05 -3.41237000e-06 -4.91741500e-06 -1.50353900e-05 -5.90089250e-06 6.82477250e-06 -5.90090250e-06 -3.74020750e-06 -1.23680250e-05 -1.02222550e-05 -8.79170000e-07 7.91258000e-06 1.40071625e-06 -1.80453750e-05 -1.82242000e-05 -5.43894150e-06 -1.72407000e-05 -1.74344625e-05 -1.54228000e-05 -5.20054425e-06 -5.11112500e-06 -6.25852250e-06 -2.28287125e-05 8.34467500e-07 -2.78803000e-05 -8.77685750e-06 -1.23531275e-05 4.47000000e-08 -2.01465000e-05 -1.26064725e-05 -1.30683850e-05 5.61775000e-06 4.82801000e-06 -1.35303250e-05 -3.69551000e-06 -1.04904800e-05 -1.70619000e-05 -1.33067850e-05 -5.58796750e-06 -2.88190000e-05 -9.55169250e-06 -2.72693875e-06 -1.55866725e-05 -1.60933250e-05 -1.27704000e-05 -8.76192500e-06 8.34475000e-06 -1.16974750e-05 2.84614000e-06 -1.25021575e-05 -1.14888900e-05 -2.10256250e-05 -2.27989250e-06 1.47820325e-05 1.25170125e-06 -9.28349500e-06 -7.46553000e-06 -2.83130000e-07 -1.20104000e-05 -5.42404750e-06 -1.63168350e-05 -5.67736750e-06 -9.47718750e-06 -8.85134000e-06 -8.40430750e-06 -9.25367250e-06 -4.75349500e-06 9.38780000e-07 -1.56462750e-06 -6.54164750e-06 -3.91904250e-06 2.60771250e-06 -1.10417925e-05 -2.71948250e-05 -8.89605500e-06 -1.33664175e-05 -8.61290750e-06 -7.03337750e-06 -1.15037750e-05 -1.89246125e-06 -9.47719500e-06 -6.67576500e-06 -1.16676750e-05 -2.11598250e-06 1.51993000e-06 -3.41238250e-06 -1.37687000e-05 -2.12194000e-05 -1.97143350e-05 -1.74343000e-06 -1.03116650e-05 -2.14280000e-05 8.09134250e-06 -5.34957500e-06 -5.94557750e-06 4.06803750e-06 -1.34557975e-05 -1.68831050e-05 -9.26858750e-06 2.83123250e-06 2.35439375e-06 -6.25851750e-06 -1.48863602e-05 6.92910000e-06 -8.03177500e-06 3.03985500e-06 -8.09138250e-06 -6.30322250e-06 -5.43895750e-06 -1.26809475e-05 -3.57630050e-06 8.35960000e-06 -1.40071750e-06 1.03563750e-05 -4.50017500e-06 -5.63267675e-06 1.89245500e-06 -7.52513500e-06 -7.22711500e-06 -3.12925500e-06 1.01626335e-05 -7.59963250e-06 -5.30484525e-06 -5.27503750e-06 -1.56910200e-05 -8.79171000e-07 -1.07735500e-05 -7.83806750e-06 -1.88202425e-05 -2.95044525e-06 -4.35115500e-06 -3.56139900e-06 -9.62620500e-06 -1.41114700e-05 -7.15260000e-07 -5.75187500e-06 -7.37611500e-06 -1.47373675e-05 -1.20551025e-05 -5.85619750e-06 -1.08779000e-05 -1.29492000e-05 -4.41076250e-06 -1.72407700e-05 -5.64757025e-06 -7.04828000e-06 -2.86103500e-06 -1.28597200e-05 -3.33788250e-06 -6.52670000e-06 -1.73301250e-05 -1.63913500e-05 5.03662000e-06 -2.05636750e-06 -8.79171000e-06 1.81795000e-06 -1.33664000e-05 -2.51383500e-05 -6.30321750e-06 -9.38779250e-06 -1.55122000e-05 -1.16229500e-05 -6.04989750e-06 -9.93912750e-06 9.13446500e-06 -2.52874225e-05 -1.74344625e-06 -6.86948750e-06 -5.78167750e-06 -5.54325750e-06 -4.47036750e-07 -1.21146750e-05 -2.36035825e-05 -9.95402500e-06 -1.33664250e-05 -1.39922700e-05 3.48689250e-06 -1.18018125e-05 -8.46390750e-06 2.22029425e-06 -2.29479500e-06 3.15905750e-06 -1.02967750e-05 -1.09524112e-05 -2.15918750e-05 -2.38420500e-07 -9.93915000e-06 -8.92585000e-06 -1.47522250e-05 9.07487000e-06 2.75672250e-06 -2.71202500e-06 -3.51669250e-06 -1.41561750e-06 -1.23680075e-06 4.02337500e-07 -1.74345250e-06 2.53325000e-07 -6.95888000e-06 -4.96211000e-06 7.85292500e-06 -7.52512500e-06 -1.06543725e-05 -7.12279750e-06 -1.35452000e-05 -1.25021025e-05 4.57468500e-06 -6.15420750e-06 -4.58958500e-06 3.72535000e-07 -1.55569000e-05 -1.04606363e-05 -4.05313500e-06 -1.30087650e-05 -1.28151750e-06 -1.31130500e-06 5.96025000e-08 -2.68223000e-06 -1.31578375e-05 -7.03339375e-06 -1.00434700e-05 4.63429750e-06 -3.62099500e-06 -3.60609250e-06 6.33303875e-06 1.05879118e-22 -1.05947975e-05 -2.98024750e-06 -2.10108000e-06 -9.99873875e-06 -3.47199425e-06 -1.50055750e-05 -1.66894750e-06 -8.58311500e-06 1.92225500e-06 -5.96049750e-07 -9.67090000e-06 -1.22786025e-05 -6.92909750e-06 -5.51347000e-06 -5.34955000e-06 -8.68742500e-06 1.63913250e-06 7.62945500e-06 -9.29836250e-06 -7.94235450e-06 -3.12937500e-07 -7.01848500e-06 -1.22339250e-05 -3.42730000e-06 -1.84776500e-06 -2.36929500e-06 -7.88274750e-06 
8.80667250e-06 4.50016250e-06 4.44056750e-06 -3.39748500e-06 4.35116125e-06 5.31973825e-06 6.15421000e-06 -3.68060000e-06 9.50701000e-06 -9.55168000e-06 1.07289000e-06 5.06645000e-07 3.24847000e-06 5.49855750e-06 7.34631750e-06 -7.70394000e-06 -8.53842000e-06 6.95888750e-06 2.23518375e-06 -1.85669375e-05 6.85458000e-06 7.30162500e-07 -9.32818250e-06 -6.60124250e-06 -1.52887250e-05 6.28832250e-06 2.75673500e-06 9.56660500e-06 -1.60337750e-05 1.64062725e-05 -1.49012700e-05 -1.33812800e-05 -4.55977825e-06 1.34110000e-07 -4.79820250e-06 3.60611500e-06 -5.21543750e-06 -3.42732500e-07 -3.62101350e-06 1.78815250e-06 8.82155000e-06 1.14739750e-06 2.51830750e-06 -1.89246200e-06 3.30807750e-06 -9.41760000e-06 6.07970500e-06 -2.62261750e-06 -8.12115000e-06 4.32134250e-07 -1.07289250e-06 -3.56140000e-06 6.61615000e-06 8.34470000e-07 1.38581250e-06 -2.69712250e-06 -7.25690500e-06 2.35440250e-06 -3.78490000e-06 -1.37985175e-05 -8.09132250e-06 -1.27852500e-05 9.22383275e-06 8.68743500e-06 -2.63751750e-06 1.29641250e-06 -4.64919000e-06 -1.55867295e-05 -1.49012000e-06 -5.96037500e-07 -3.69551750e-06 1.69875000e-06 4.06804500e-06 6.83967000e-06 2.35439250e-06 3.21866500e-06 2.36929250e-06 2.65242250e-06 -5.17070000e-06 -5.52835250e-06 -1.13994300e-05 -6.09461750e-06 -1.09524300e-05 1.41561750e-06 -1.55122500e-05 -4.47000000e-08 -3.69550000e-06 5.17073000e-06 -9.99872500e-06 3.59120750e-06 -1.46776975e-05 -7.00345000e-07 1.43051750e-06 5.79658750e-06 -1.50204500e-05 -4.09784500e-06 3.72527500e-07 3.69551000e-06 3.69551500e-06 2.87593500e-06 -4.82801250e-06 -5.55816750e-06 4.73855000e-06 1.18166925e-05 -1.56464250e-06 6.78007275e-06 4.11272500e-06 -6.40755000e-06 -1.11610137e-05 -6.91418750e-06 7.27181750e-06 3.68061500e-06 1.68384250e-06 6.94399500e-06 4.41076750e-06 -7.61453750e-06 -3.42728500e-06 1.31131000e-06 3.12927000e-07 -5.11112250e-06 3.77001500e-06 1.20253000e-05 1.07289000e-06 -8.35960750e-06 1.49050000e-08 4.03825000e-06 4.63428250e-06 -7.30157500e-07 -2.65241000e-06 -9.50698000e-06 -2.08617150e-06 -3.79981750e-06 1.34111000e-06 2.08610000e-07 2.26499000e-06 6.10951500e-06 -7.65920750e-06 -3.90412000e-06 2.53315000e-07 4.26175750e-06 1.22188750e-06 -1.38581250e-06 -7.82313750e-06 -3.87431750e-07 1.16229775e-06 -3.56139500e-06 9.83482500e-07 -2.50340625e-06 1.22190375e-06 2.08617250e-06 -3.82961500e-06 2.32459500e-06 -7.00350000e-07 1.10716250e-05 8.97056000e-06 -8.01684750e-06 -6.24363150e-06 1.20997750e-05 5.99031375e-06 2.23520000e-07 1.32621125e-06 -2.32459425e-06 -1.17719500e-06 3.32297750e-06 5.12603750e-06 2.25009000e-06 3.47198250e-06 7.58473625e-06 8.34467500e-07 3.75511750e-06 -1.20103750e-05 1.06990525e-05 9.49208500e-06 -3.71040250e-06 -1.63914000e-06 3.68059800e-06 3.69547500e-06 2.83107500e-07 -5.82638500e-06 2.63752000e-06 -4.55977500e-06 -8.34467500e-07 -6.09461475e-06 1.36793625e-05 1.84775250e-06 -8.19555000e-07 5.24523250e-06 6.82476750e-06 4.78329250e-06 -1.12653425e-05 -9.07488250e-06 -7.27181375e-06 2.78653000e-06 1.65403500e-06 2.66731500e-06 -2.69711850e-06 -9.13446250e-06 -8.29998875e-06 -2.98024500e-06 -4.84289750e-06 4.12764000e-06 -8.68743750e-06 -3.01005250e-06 -1.47671250e-05 -5.23033250e-06 6.04991250e-06 -1.37091123e-06 2.75672750e-06 -1.35600500e-06 -4.97701250e-06 -9.71561500e-06 6.27343375e-06 3.02495750e-06 -1.10269250e-06 2.51830750e-06 2.11597500e-06 9.23878750e-07 -7.12279250e-06 -1.73003250e-05 8.19570000e-07 -1.69874250e-06 -7.97213000e-06 9.74540000e-06 -3.14418000e-06 -8.52351250e-06 -1.17719500e-06 4.57467500e-06 2.27989000e-06 -5.49854000e-06 -2.54811250e-06 2.68222500e-07 -1.40667250e-05 5.66247500e-07 8.85136250e-06 -1.32621500e-06 3.26338000e-06 -7.56981250e-06 3.06965250e-06 9.16428750e-06 5.46875500e-06 -3.35277500e-06 -4.21704500e-06 -1.65403525e-06 -5.33464000e-06 3.88921500e-06 3.20376750e-06 -3.81471250e-06 -5.90092500e-06 2.72694500e-06 -7.71885500e-06 3.74021725e-06 -5.02172000e-06 5.11112000e-06 1.22189925e-06 -9.01524750e-06 5.90089000e-06 -5.14093000e-06 -5.97540500e-06 1.10268750e-06 -3.60610750e-06 2.68221725e-06 -5.36437500e-07 -1.50204500e-05 -9.56660500e-06 -1.28896000e-05 -5.48362500e-06 -2.42890250e-06 2.33948750e-06 3.65080000e-06 1.84775250e-06 -7.70394250e-06 1.47522425e-06 4.17234250e-06 -6.02010500e-06 -7.56981500e-06 -7.73374000e-06 -6.61616000e-06 -1.25168750e-06 -8.19552500e-07 -8.73215000e-06 -5.26014250e-06 -2.60771000e-06 -1.49005000e-07 1.90736500e-06 -6.52672500e-06 -1.30534900e-05 7.12281000e-06 1.70321500e-05 -8.58310000e-06 9.08974250e-07 -4.52998250e-06 7.89766250e-07 -7.00357500e-07 -2.48850500e-06 -3.12926000e-07 -2.66732250e-06 -9.23875000e-07 -7.80823500e-06 2.53320500e-06 -6.45224750e-06 1.09523925e-05 1.46033000e-06 1.95207250e-06 -4.58959250e-06 2.71202250e-06 -1.49012500e-07 -1.75834500e-05 -1.16527625e-05 -8.74699000e-06 -3.53160000e-06 