EMRE Device Manager: Chronopotentiometry

System Parameters
Date/Time,2023-07-13 16:12:40.369561


Raw Data

Data Pt,Times (s), Current (A), Potential (V)
0,0.003705,0.000000,0.118742
1,0.015736,0.000001,0.118121
2,0.426453,0.000001,0.117637
3,0.438621,0.000001,0.117821
4,0.450056,0.000001,0.118063
5,0.462030,0.000001,0.123969
6,0.473791,0.000001,0.119859
7,0.485662,0.000001,0.125341
8,0.497429,0.000001,0.123243
9,0.509295,0.000001,0.125246
10,0.521172,0.000001,0.127525
11,0.532741,0.000001,0.124335
12,0.544245,0.000001,0.130980
13,0.557248,0.000001,0.127563
14,0.570354,0.000001,0.128654
15,0.583609,0.000001,0.133834
16,0.596904,0.000001,0.129220
17,0.609959,0.000001,0.132096
18,0.623124,0.000001,0.135771
19,0.636351,0.000001,0.132132
20,0.648827,0.000001,0.134355
21,0.661719,0.000001,0.136402
22,0.674750,0.000001,0.133524
23,0.687450,0.000001,0.138049
24,0.700243,0.000001,0.137980
25,0.713037,0.000001,0.134895
26,0.726120,0.000001,0.139880
27,0.739069,0.000001,0.138566
28,0.752025,0.000001,0.137935
29,0.764981,0.000001,0.142805
30,0.777740,0.000001,0.139373
31,0.790615,0.000001,0.139557
32,0.803851,0.000001,0.145347
33,0.816875,0.000001,0.140225
34,0.829973,0.000001,0.143009
35,0.842793,0.000001,0.145889
36,0.855836,0.000001,0.141732
37,0.867920,0.000001,0.145439
38,0.881000,0.000001,0.147203
39,0.893562,0.000001,0.142862
40,0.906588,0.000001,0.148133
41,0.919328,0.000001,0.146396
42,0.932071,0.000001,0.145625
43,0.945116,0.000001,0.150205
44,0.958045,0.000001,0.146936
45,0.971181,0.000001,0.146764
46,0.983818,0.000001,0.151843
47,0.996976,0.000001,0.147536
48,1.009948,0.000001,0.150034
49,1.022726,0.000001,0.152798
50,1.035933,0.000001,0.148559
51,1.048999,0.000001,0.152117
52,1.062065,0.000001,0.153465
53,1.074811,0.000001,0.150355
54,1.087935,0.000001,0.154662
55,1.101090,0.000001,0.155468
56,1.114211,0.000001,0.151389
57,1.127025,0.000001,0.156147
58,1.139675,0.000001,0.154571
59,1.151879,0.000001,0.153731
60,1.164102,0.000001,0.158427
61,1.177178,0.000001,0.153799
62,1.190226,0.000001,0.156275
63,1.203268,0.000001,0.159474
64,1.215041,0.000001,0.154651
65,1.226919,0.000001,0.158782
66,1.238572,0.000001,0.157702
67,1.250384,0.000001,0.156317
68,1.262237,0.000001,0.161604
69,1.273894,0.000001,0.156392
70,1.285815,0.000001,0.160972
71,1.297596,0.000001,0.158692
72,1.309229,0.000001,0.160187
73,1.321055,0.000001,0.161707
74,1.332628,0.000001,0.158395
75,1.344886,0.000001,0.163458
76,1.356123,0.000001,0.159210
77,1.367350,0.000001,0.162985
78,1.379796,0.000001,0.162435
79,1.392844,0.000001,0.160522
80,1.405742,0.000001,0.166119
81,1.418812,0.000001,0.162433
82,1.432033,0.000001,0.162536
83,1.444865,0.000001,0.167084
84,1.457725,0.000001,0.162756
85,1.470806,0.000001,0.163976
86,1.483665,0.000001,0.168478
87,1.496290,0.000001,0.163940
88,1.509221,0.000001,0.166326
89,1.522392,0.000001,0.167739
90,1.535703,0.000001,0.164323
91,1.548596,0.000001,0.167902
92,1.561597,0.000001,0.169004
93,1.574801,0.000001,0.165310
94,1.587873,0.000001,0.169410
95,1.600836,0.000001,0.169410
96,1.613862,0.000001,0.165784
97,1.627160,0.000001,0.170846
98,1.640383,0.000001,0.169226
99,1.653486,0.000001,0.167361
100,1.666453,0.000001,0.172874
101,1.679629,0.000001,0.170137
102,1.692408,0.000001,0.169352
103,1.705532,0.000001,0.173739
104,1.718793,0.000001,0.170402
105,1.731782,0.000001,0.170412
106,1.744512,0.000001,0.174798
107,1.757439,0.000001,0.170250
108,1.770125,0.000001,0.172691
109,1.782853,0.000001,0.175788
110,1.795669,0.000001,0.171071
111,1.808340,0.000001,0.174624
112,1.821020,0.000001,0.176157
113,1.834187,0.000001,0.171366
114,1.847299,0.000001,0.176765
115,1.859882,0.000001,0.174692
116,1.872351,0.000001,0.173429
117,1.884494,0.000001,0.178206
118,1.897063,0.000001,0.173750
119,1.910091,0.000001,0.176285
120,1.922752,0.000001,0.178655
121,1.935520,0.000001,0.174350
122,1.948141,0.000001,0.178171
123,1.960483,0.000001,0.177365
124,1.972468,0.000001,0.175097
125,1.985171,0.000001,0.180324
126,1.996961,0.000001,0.176950
127,2.009901,0.000001,0.178594
128,2.022829,0.000001,0.180556
129,2.035886,0.000001,0.176744
130,2.049010,0.000001,0.180395
131,2.062365,0.000001,0.180898
132,2.075469,0.000001,0.177780
133,2.087972,0.000001,0.181948
134,2.100438,0.000001,0.180553
135,2.112873,0.000001,0.178884
136,2.125170,0.000001,0.183719
137,2.137678,0.000001,0.180090
138,2.150019,0.000001,0.181648
139,2.162575,0.000001,0.183559
140,2.175322,0.000001,0.180208
141,2.187872,0.000001,0.183985
142,2.200166,0.000001,0.182696
143,2.212803,0.000001,0.181349
144,2.225236,0.000001,0.185745
145,2.237285,0.000001,0.182489
146,2.249778,0.000001,0.184030
147,2.262706,0.000001,0.185793
148,2.275344,0.000001,0.182074
149,2.287744,0.000001,0.186082
150,2.300211,0.000001,0.184919
151,2.312545,0.000001,0.183582
152,2.325458,0.000001,0.188072
153,2.338603,0.000001,0.184240
154,2.351576,0.000001,0.184400
155,2.364471,0.000001,0.189763
156,2.377744,0.000001,0.184587
157,2.390968,0.000001,0.186910
158,2.404015,0.000001,0.189868
159,2.417173,0.000001,0.186256
160,2.430427,0.000001,0.187831
161,2.443548,0.000001,0.190549
162,2.456517,0.000001,0.185493
163,2.469651,0.000001,0.189109
164,2.482804,0.000001,0.190314
165,2.495899,0.000001,0.186817
166,2.509115,0.000001,0.190179
167,2.522054,0.000001,0.191651
168,2.535042,0.000001,0.187520
169,2.548175,0.000001,0.192113
170,2.561128,0.000001,0.190559
171,2.574308,0.000001,0.188072
172,2.587385,0.000001,0.192205
173,2.600483,0.000001,0.191076
174,2.612947,0.000001,0.189673
175,2.625706,0.000001,0.194278
176,2.638555,0.000001,0.190455
177,2.651496,0.000001,0.191942
178,2.664465,0.000001,0.195832
179,2.677669,0.000001,0.191043
180,2.690837,0.000001,0.193079
181,2.703867,0.000001,0.195371
182,2.716928,0.000001,0.191028
183,2.729851,0.000001,0.194116
184,2.742965,0.000001,0.195495
185,2.755831,0.000001,0.192242
186,2.769038,0.000001,0.196085
187,2.781876,0.000001,0.196824
188,2.795015,0.000001,0.192357
189,2.807941,0.000001,0.197580
190,2.821144,0.000001,0.195566
191,2.834372,0.000001,0.193531
192,2.847475,0.000001,0.197881
193,2.860535,0.000001,0.196128
194,2.873713,0.000001,0.194644
195,2.886068,0.000001,0.200324
196,2.899113,0.000001,0.195707
197,2.911886,0.000001,0.195417
198,2.924565,0.000001,0.201286
199,2.937759,0.000001,0.196269
200,2.950470,0.000001,0.198052
201,2.963491,0.000001,0.200000
202,2.976628,0.000001,0.195824
203,2.989630,0.000001,0.199827
204,3.002751,0.000001,0.200194
205,3.016058,0.000001,0.196937
206,3.031738,0.000001,0.199033
207,3.044761,0.000001,0.203651
208,3.057883,0.000001,0.198434
209,3.070963,0.000001,0.200273
210,3.083978,0.000001,0.203363
211,3.097124,0.000001,0.198237
212,3.113645,0.000001,0.199414
213,3.126761,0.000001,0.204534
214,3.140083,0.000001,0.200552
215,3.152896,0.000001,0.200264
216,3.165993,0.000001,0.205019
217,3.179102,0.000001,0.200830
218,3.192262,0.000001,0.200692
219,3.205146,0.000001,0.205489
220,3.218160,0.000001,0.200931
221,3.230709,0.000001,0.203212
222,3.243825,0.000001,0.205499
223,3.256592,0.000001,0.200911
224,3.269836,0.000001,0.204823
225,3.282882,0.000001,0.205088
226,3.296066,0.000001,0.202004
227,3.309133,0.000001,0.206032
228,3.325863,0.000001,0.207725
229,3.339025,0.000001,0.203879
230,3.352045,0.000001,0.203764
231,3.365190,0.000001,0.209234
232,3.378412,0.000001,0.203593
233,3.391410,0.000001,0.206098
234,3.404085,0.000001,0.208544
235,3.417101,0.000001,0.203994
236,3.429906,0.000001,0.207287
237,3.442735,0.000001,0.208093
238,3.455116,0.000001,0.204823
239,3.467359,0.000001,0.208953
240,3.479772,0.000001,0.207057
241,3.492094,0.000001,0.206021
242,3.504470,0.000001,0.211777
243,3.516681,0.000001,0.205823
244,3.529055,0.000001,0.209461
245,3.541671,0.000001,0.209062
246,3.554755,0.000001,0.206481
247,3.567870,0.000001,0.210338
248,3.581104,0.000001,0.209175
249,3.594189,0.000001,0.207044
250,3.606947,0.000001,0.212787
251,3.619862,0.000001,0.208828
252,3.632993,0.000001,0.208899
253,3.645738,0.000001,0.213134
254,3.658601,0.000001,0.209371
255,3.671663,0.000001,0.210835
256,3.684622,0.000001,0.213756
257,3.697750,0.000001,0.209728
258,3.710849,0.000001,0.211593
259,3.723898,0.000001,0.213596
260,3.737157,0.000001,0.209188
261,3.749519,0.000001,0.213170
262,3.761970,0.000001,0.214272
263,3.775086,0.000001,0.209902
264,3.787842,0.000001,0.214655
265,3.800621,0.000001,0.212720
266,3.813848,0.000001,0.211580
267,3.827135,0.000001,0.216737
268,3.839910,0.000001,0.212650
269,3.853127,0.000001,0.212823
270,3.865788,0.000001,0.216729
271,3.878405,0.000001,0.212293
272,3.891712,0.000001,0.214619
273,3.904530,0.000001,0.217303
274,3.917700,0.000001,0.212859
275,3.930725,0.000001,0.215344
276,3.943809,0.000001,0.217004
277,3.956488,0.000001,0.213091
278,3.969614,0.000001,0.217313
279,3.982467,0.000001,0.218002
280,3.995657,0.000001,0.213145
281,4.008802,0.000001,0.218881
282,4.021590,0.000001,0.216599
283,4.034784,0.000001,0.214807
284,4.047904,0.000001,0.219121
285,4.061021,0.000001,0.216912
286,4.074243,0.000001,0.215887
287,4.087088,0.000001,0.220732
288,4.099810,0.000001,0.216799
289,4.112996,0.000001,0.216267
290,4.126162,0.000001,0.220940
291,4.138433,0.000001,0.216759
292,4.150690,0.000001,0.218802
293,4.163850,0.000001,0.220494
294,4.177006,0.000001,0.216716
295,4.189975,0.000001,0.220364
296,4.203012,0.000001,0.221300
297,4.216082,0.000001,0.217455
298,4.229060,0.000001,0.221598
299,4.242066,0.000001,0.220216
300,4.254334,0.000001,0.218397
301,4.266563,0.000001,0.223495
302,4.278789,0.000001,0.219354
303,4.292022,0.000001,0.220794
304,4.304853,0.000001,0.223750
305,4.317991,0.000001,0.219122
306,4.331133,0.000001,0.221621
307,4.344197,0.000001,0.223482
308,4.356366,0.000001,0.219581
309,4.369275,0.000001,0.223405
310,4.382568,0.000001,0.223764
311,4.395323,0.000001,0.219539
312,4.407002,0.000001,0.225786
313,4.419982,0.000001,0.221826
314,4.432845,0.000001,0.221448
315,4.445580,0.000001,0.226986
316,4.458649,0.000001,0.221598
317,4.471551,0.000001,0.223701
318,4.484274,0.000001,0.226387
319,4.496911,0.000001,0.221425
320,4.509523,0.000001,0.225671
321,4.521994,0.000001,0.224729
322,4.534115,0.000001,0.222334
323,4.546433,0.000001,0.227722
324,4.558807,0.000001,0.223369
325,4.571436,0.000001,0.225203
326,4.584120,0.000001,0.227203
327,4.597137,0.000001,0.223060
328,4.609944,0.000001,0.227005
329,4.622989,0.000001,0.228020
330,4.635755,0.000001,0.223173
331,4.648886,0.000001,0.228565
332,4.661622,0.000001,0.226327
333,4.674266,0.000001,0.224798
334,4.686811,0.000001,0.229783
335,4.699394,0.000001,0.225579
336,4.711858,0.000001,0.227145
337,4.724145,0.000001,0.229428
338,4.736820,0.000001,0.225453
339,4.748967,0.000001,0.229380
340,4.761477,0.000001,0.227847
341,4.773759,0.000001,0.226627
342,4.785829,0.000001,0.231360
343,4.797998,0.000001,0.226723
344,4.809879,0.000001,0.229747
345,4.821709,0.000001,0.228989
346,4.833543,0.000001,0.227538
347,4.844994,0.000001,0.232682
348,4.857544,0.000001,0.226778
349,4.869348,0.000001,0.231071
350,4.881297,0.000001,0.229587
351,4.892989,0.000001,0.228851
352,4.904898,0.000001,0.232970
353,4.916552,0.000001,0.227920
354,4.928304,0.000001,0.232903
355,4.939688,0.000001,0.229657
356,4.951394,0.000001,0.230888
357,4.963265,0.000001,0.232282
358,4.975503,0.000001,0.228160
359,4.987365,0.000001,0.234275
360,4.999266,0.000001,0.229979
361,5.011166,0.000001,0.231763
362,5.023016,0.000001,0.233028
363,5.035393,0.000001,0.229482
364,5.047833,0.000001,0.234536
365,5.059942,0.000001,0.231339
366,5.072446,0.000001,0.231382
367,5.084525,0.000001,0.234987
368,5.097154,0.000001,0.230357
369,5.109690,0.000001,0.234611
370,5.122156,0.000001,0.233283
371,5.134883,0.000001,0.230981
372,5.147495,0.000001,0.236885
373,5.160140,0.000001,0.232754
374,5.172810,0.000001,0.232212
375,5.185226,0.000001,0.236958
376,5.198146,0.000001,0.232374
377,5.212649,0.000001,0.234319
378,5.229645,0.000001,0.237681
379,5.247902,0.000001,0.236495
380,5.262809,0.000001,0.234315
381,5.275359,0.000001,0.233260
382,5.288217,0.000001,0.238750
383,5.301795,0.000001,0.234906
384,5.313871,0.000001,0.234425
385,5.326743,0.000001,0.239132
386,5.339236,0.000001,0.234166
387,5.352432,0.000001,0.235791
388,5.365107,0.000001,0.238959
389,5.376536,0.000001,0.234375
390,5.388195,0.000001,0.238280
391,5.400311,0.000001,0.236058
392,5.415753,0.000001,0.237245
393,5.434261,0.000001,0.239014
394,5.465279,0.000001,0.240112
395,5.489733,0.000001,0.236157
396,5.504526,0.000001,0.238811
397,5.515880,0.000001,0.236321
398,5.528132,0.000001,0.241275
399,5.540059,0.000001,0.237965
400,5.552166,0.000001,0.239051
401,5.564979,0.000001,0.241392
402,5.577818,0.000001,0.237027
403,5.592731,0.000001,0.240755
404,5.616697,0.000001,0.243700
405,5.632473,0.000001,0.241609
406,5.660458,0.000001,0.242367
407,5.673376,0.000001,0.239327
408,5.685811,0.000001,0.243416
409,5.699864,0.000001,0.240340
410,5.711143,0.000001,0.241616
411,5.723504,0.000001,0.243737
412,5.736148,0.000001,0.238974
413,5.749439,0.000001,0.243681
414,5.760847,0.000001,0.242012
415,5.772550,0.000001,0.240859
416,5.800720,0.000001,0.244320
417,5.823452,0.000001,0.241135
418,5.839876,0.000001,0.240962
419,5.853772,0.000001,0.242044
420,5.865912,0.000001,0.247423
421,5.878591,0.000001,0.241609
422,5.891423,0.000001,0.244633
423,5.904373,0.000001,0.245544
424,5.920028,0.000001,0.241733
425,5.945259,0.000001,0.243368
426,5.973055,0.000001,0.244163
427,5.991632,0.000001,0.247791
428,6.004693,0.000001,0.246592
429,6.016482,0.000001,0.243334
430,6.027529,0.000001,0.248215
431,6.038978,0.000001,0.244140
432,6.051800,0.000001,0.247062
433,6.078654,0.000001,0.248954
434,6.092218,0.000001,0.246726
435,6.109333,0.000001,0.248697
436,6.121514,0.000001,0.246751
437,6.132990,0.000001,0.245947
438,6.144957,0.000001,0.249332
439,6.156678,0.000001,0.244980
440,6.168345,0.000001,0.249263
441,6.179818,0.000001,0.246222
442,6.198519,0.000001,0.246394
443,6.224351,0.000001,0.246431
444,6.242994,0.000001,0.246154
445,6.258035,0.000001,0.246429
446,6.271658,0.000001,0.249090
447,6.282795,0.000001,0.251130
448,6.294083,0.000001,0.247711
449,6.305484,0.000001,0.252970
450,6.319142,0.000001,0.247179
451,6.345576,0.000001,0.248595
452,6.360233,0.000001,0.248676
453,6.410783,0.000001,0.250218
454,6.432661,0.000001,0.253718
455,6.444748,0.000001,0.252753
456,6.456321,0.000001,0.248885
457,6.468060,0.000001,0.254398
458,6.479780,0.000001,0.250299
459,6.491530,0.000001,0.251897
460,6.503105,0.000001,0.253972
461,6.526167,0.000001,0.249792
462,6.542681,0.000001,0.250345
463,6.568051,0.000001,0.250331
464,6.591206,0.000001,0.254421
465,6.603999,0.000001,0.254444
466,6.615259,0.000001,0.251128
467,6.626566,0.000001,0.256460
468,6.637862,0.000001,0.251070
469,6.649608,0.000001,0.255537
470,6.660988,0.000001,0.253187
471,6.687979,0.000001,0.252786
472,6.708115,0.000001,0.256090
473,6.723372,0.000001,0.256551
474,6.735821,0.000001,0.252007
475,6.748185,0.000001,0.258118
476,6.759606,0.000001,0.253672
477,6.772095,0.000001,0.255653
478,6.788643,0.000001,0.257032
479,6.813259,0.000001,0.255650
480,6.832090,0.000001,0.258966
481,6.847936,0.000001,0.257817
482,6.864261,0.000001,0.255765
483,6.877064,0.000001,0.254213
484,6.888330,0.000001,0.258980
485,6.899799,0.000001,0.255537
486,6.911025,0.000001,0.257690
487,6.922989,0.000001,0.257379
488,6.941520,0.000001,0.255113
489,6.962260,0.000001,0.256226
490,6.975308,0.000001,0.256493
491,6.992701,0.000001,0.260628
492,7.009300,0.000001,0.260958
493,7.020595,0.000001,0.257358
494,7.032040,0.000001,0.258646
495,7.043780,0.000001,0.260766
496,7.056349,0.000001,0.256435
497,7.071910,0.000001,0.261800
498,7.092280,0.000001,0.263055
499,7.125755,0.000001,0.262846
500,7.138770,0.000001,0.257347
501,7.155010,0.000001,0.261466
502,7.166892,0.000001,0.263239
503,7.178607,0.000001,0.258116
504,7.189894,0.000001,0.261858
505,7.201390,0.000001,0.259889
506,7.219943,0.000001,0.260458
507,7.239987,0.000001,0.259763
508,7.251904,0.000001,0.261351
509,7.272745,0.000001,0.263813
510,7.285039,0.000001,0.263080
511,7.297951,0.000001,0.259521
512,7.309694,0.000001,0.264471
513,7.321862,0.000001,0.261881
514,7.334827,0.000001,0.260766
515,7.352237,0.000001,0.265185
516,7.368969,0.000001,0.263909
517,7.386699,0.000001,0.264600
518,7.403611,0.000001,0.260336
519,7.422095,0.000001,0.260649
520,7.433942,0.000001,0.261759
521,7.444741,0.000001,0.266277
522,7.456038,0.000001,0.260877
523,7.467367,0.000001,0.266714
524,7.478949,0.000001,0.262756
525,7.491750,0.000001,0.265759
526,7.512548,0.000001,0.265574
527,7.534584,0.000001,0.265795
528,7.555340,0.000001,0.267821
529,7.567893,0.000001,0.268063
530,7.578860,0.000001,0.263801
531,7.589903,0.000001,0.266728
532,7.601699,0.000001,0.264471
533,7.613355,0.000001,0.265371
534,7.624820,0.000001,0.267393
535,7.657621,0.000001,0.263170
536,7.674143,0.000001,0.266380
537,7.692827,0.000001,0.269447
538,7.712965,0.000001,0.269825
539,7.724647,0.000001,0.268616
540,7.735468,0.000001,0.264609
541,7.746785,0.000001,0.270126
542,7.757859,0.000001,0.264699
543,7.769391,0.000001,0.268777
544,7.782081,0.000001,0.266171
545,7.797061,0.000001,0.265991
546,7.824294,0.000001,0.270539
547,7.846700,0.000001,0.266021
548,7.859295,0.000001,0.265945
549,7.870721,0.000001,0.270226
550,7.882602,0.000001,0.268512
551,7.894458,0.000001,0.267522
552,7.906598,0.000001,0.271542
553,7.921250,0.000001,0.266481
554,7.935365,0.000001,0.269353
555,7.957870,0.000001,0.272459
556,7.976583,0.000001,0.272047
557,7.989694,0.000001,0.273223
558,8.004657,0.000001,0.269157
559,8.016243,0.000001,0.267465
560,8.027344,0.000001,0.273279
561,8.038276,0.000001,0.268273
562,8.049612,0.000001,0.272689
563,8.062171,0.000001,0.269608
564,8.081210,0.000001,0.269320
565,8.108650,0.000001,0.271298
566,8.124303,0.000001,0.270525
567,8.145258,0.000001,0.270541
568,8.156690,0.000001,0.269007
569,8.168414,0.000001,0.274913
570,8.179771,0.000001,0.270103
571,8.191543,0.000001,0.273371
572,8.205234,0.000001,0.272252
573,8.240003,0.000001,0.270149
574,8.257566,0.000001,0.273175
575,8.275739,0.000001,0.275015
576,8.287129,0.000001,0.276007
577,8.298460,0.000001,0.270849
578,8.309969,0.000001,0.275837
579,8.321122,0.000001,0.272676
580,8.332412,0.000001,0.274073
581,8.343658,0.000001,0.275141
582,8.365720,0.000001,0.272625
583,8.388004,0.000001,0.272648
584,8.401437,0.000001,0.272576
585,8.420151,0.000001,0.274750
586,8.431203,0.000001,0.276196
587,8.442916,0.000001,0.275003
588,8.455236,0.000001,0.274050
589,8.467011,0.000001,0.279221
590,8.485774,0.000001,0.273023
591,8.515873,0.000001,0.276272
592,8.532507,0.000001,0.278966
593,8.549047,0.000001,0.277329
594,8.562008,0.000001,0.276240
595,8.573251,0.000001,0.276652
596,8.584552,0.000001,0.278112
597,8.595475,0.000001,0.274973
598,8.607897,0.000001,0.280474
599,8.626215,0.000001,0.276884
600,8.644476,0.000001,0.276191
601,8.661965,0.000001,0.275049
602,8.679718,0.000001,0.277743
603,8.693884,0.000001,0.279461
604,8.705286,0.000001,0.279620
605,8.716880,0.000001,0.276044
606,8.728478,0.000001,0.281202
607,8.740858,0.000001,0.276511
608,8.753714,0.000001,0.278842
609,8.772312,0.000001,0.282337
610,8.798077,0.000001,0.282431
611,8.816658,0.000001,0.280737
612,8.831946,0.000001,0.282208
613,8.844976,0.000001,0.279562
614,8.858261,0.000001,0.277789
615,8.869581,0.000001,0.282247
616,8.880607,0.000001,0.278669
617,8.892005,0.000001,0.281222
618,8.904496,0.000001,0.280244
619,8.922723,0.000001,0.277801
620,8.947357,0.000001,0.278575
621,8.960641,0.000001,0.278623
622,8.972094,0.000001,0.282148
623,8.983183,0.000001,0.281116
624,8.994490,0.000001,0.279484
625,9.006470,0.000001,0.283281
626,9.018093,0.000001,0.279249
627,9.029819,0.000001,0.284434
628,9.059345,0.000001,0.280587
629,9.073343,0.000001,0.283387
630,9.098221,0.000001,0.285309
631,9.110632,0.000001,0.285167
632,9.122177,0.000001,0.281741
633,9.133517,0.000001,0.282929
634,9.144456,0.000001,0.284522
635,9.159084,0.000001,0.281462
636,9.175740,0.000001,0.284246
637,9.198670,0.000001,0.286509
638,9.220030,0.000001,0.284950
639,9.238046,0.000001,0.285008
640,9.252020,0.000001,0.286058
641,9.264098,0.000001,0.285793
642,9.274859,0.000001,0.283168
643,9.286130,0.000001,0.286320
644,9.297385,0.000001,0.281717
645,9.308645,0.000001,0.287407
646,9.339675,0.000001,0.283262
647,9.354536,0.000001,0.286219
648,9.374582,0.000001,0.287269
649,9.389499,0.000001,0.288402
650,9.402520,0.000001,0.284814
651,9.413735,0.000001,0.285943
652,9.424973,0.000001,0.287416
653,9.436260,0.000001,0.284425
654,9.447641,0.000001,0.289889
655,9.459097,0.000001,0.284110
656,9.483093,0.000001,0.289201
657,9.500072,0.000001,0.284550
658,9.515374,0.000001,0.288623
659,9.527345,0.000001,0.289519
660,9.538209,0.000001,0.284985
661,9.550157,0.000001,0.290318
662,9.561865,0.000001,0.286012
663,9.573768,0.000001,0.287741
664,9.594146,0.000001,0.288980
665,9.623349,0.000001,0.291356
666,9.640089,0.000001,0.287105
667,9.654415,0.000001,0.288680
668,9.666819,0.000001,0.290663
669,9.678235,0.000001,0.286539
670,9.690012,0.000001,0.291687
671,9.701852,0.000001,0.287748
672,9.714427,0.000001,0.289307
673,9.731850,0.000001,0.292666
674,9.749674,0.000001,0.289450
675,9.776414,0.000001,0.288683
676,9.795252,0.000001,0.293276
677,9.806244,0.000001,0.292480
678,9.819613,0.000001,0.288082
679,9.831168,0.000001,0.293129
680,9.842715,0.000001,0.289661
681,9.854812,0.000001,0.290640
682,9.871371,0.000001,0.293198
683,9.898340,0.000001,0.291236
684,9.910458,0.000001,0.293956
685,9.933437,0.000001,0.290516
686,9.946587,0.000001,0.293539
687,9.958601,0.000001,0.289546
688,9.970109,0.000001,0.294140
689,9.981233,0.000001,0.290743
690,9.992396,0.000001,0.293210
691,10.003647,0.000001,0.292137
692,10.016790,0.000001,0.290684
693,10.030374,0.000001,0.295565
694,10.050721,0.000001,0.291715
695,10.067703,0.000001,0.294679
696,10.086685,0.000001,0.295109
697,10.097813,0.000001,0.290439
698,10.109667,0.000001,0.296212
699,10.121483,0.000001,0.291414
700,10.133245,0.000001,0.294738
701,10.158351,0.000001,0.294681
702,10.183378,0.000001,0.296534
703,10.202268,0.000001,0.292696
704,10.217030,0.000001,0.294517
705,10.230158,0.000001,0.297435
706,10.241250,0.000001,0.293159
707,10.252513,0.000001,0.296145
708,10.263609,0.000001,0.295026
709,10.274857,0.000001,0.293933
710,10.292766,0.000001,0.296963
711,10.314288,0.000001,0.297695
712,10.334814,0.000001,0.297098
713,10.354512,0.000001,0.299574
714,10.365764,0.000001,0.297237
715,10.377992,0.000001,0.294197
716,10.389871,0.000001,0.299012
717,10.402134,0.000001,0.294393
718,10.438246,0.000001,0.296744
719,10.455162,0.000001,0.298455
720,10.474155,0.000001,0.300135
721,10.490276,0.000001,0.301057
722,10.507011,0.000001,0.299862
723,10.518152,0.000001,0.294969
724,10.529247,0.000001,0.300780
725,10.540522,0.000001,0.295970
726,10.551608,0.000001,0.299712
727,10.575704,0.000001,0.297297
728,10.602876,0.000001,0.299496
729,10.621592,0.000001,0.297274
730,10.637468,0.000001,0.299157
731,10.648742,0.000001,0.302061
732,10.660628,0.000001,0.296456
733,10.672495,0.000001,0.300820
734,10.684389,0.000001,0.299355
735,10.700966,0.000001,0.298011
736,10.720947,0.000001,0.299841
737,10.735975,0.000001,0.300083
738,10.751595,0.000001,0.302843
739,10.766803,0.000001,0.300089
740,10.781924,0.000001,0.299111
741,10.793827,0.000001,0.300843
742,10.805072,0.000001,0.302173
743,10.816416,0.000001,0.299560
744,10.827466,0.000001,0.302961
745,10.839422,0.000001,0.298844
746,10.856769,0.000001,0.302593
747,10.880521,0.000001,0.303721
748,10.891973,0.000001,0.303511
749,10.908469,0.000001,0.301715
750,10.922607,0.000001,0.300207
751,10.937113,0.000001,0.300575
752,10.948593,0.000001,0.305816
753,10.961224,0.000001,0.299804
754,10.974296,0.000001,0.303543
755,10.990411,0.000001,0.304087
756,11.017862,0.000001,0.301770
757,11.033780,0.000001,0.306378
758,11.051285,0.000001,0.307138
759,11.063919,0.000001,0.302049
760,11.075520,0.000001,0.303279
761,11.087240,0.000001,0.305676
762,11.098568,0.000001,0.300955
763,11.109886,0.000001,0.306746
764,11.121141,0.000001,0.302820
765,11.133504,0.000001,0.305215
766,11.156326,0.000001,0.305883
767,11.167600,0.000001,0.307112
768,11.185663,0.000001,0.302360
769,11.197640,0.000001,0.303290
770,11.210255,0.000001,0.308208
771,11.221642,0.000001,0.303085
772,11.233282,0.000001,0.306237
773,11.245268,0.000001,0.305236
774,11.261527,0.000001,0.304027
775,11.280846,0.000001,0.306735
776,11.296456,0.000001,0.304326
777,11.309333,0.000001,0.308747
778,11.325094,0.000001,0.305779
779,11.337502,0.000001,0.304663
780,11.349079,0.000001,0.309749
781,11.360436,0.000001,0.303675
782,11.372680,0.000001,0.308156
783,11.385455,0.000001,0.306585
784,11.399933,0.000001,0.305422
785,11.413724,0.000001,0.308565
786,11.428795,0.000001,0.308485
787,11.446646,0.000001,0.306343
788,11.462423,0.000001,0.304752
789,11.478394,0.000001,0.307736
790,11.489374,0.000001,0.310831
791,11.501222,0.000001,0.305551
792,11.513831,0.000001,0.309611
793,11.526930,0.000001,0.309323
794,11.539852,0.000001,0.305480
795,11.562870,0.000001,0.309535
796,11.579763,0.000001,0.308902
797,11.598257,0.000001,0.310465
798,11.624686,0.000001,0.306750
799,11.639313,0.000001,0.307881
800,11.652251,0.000001,0.311708
801,11.663742,0.000001,0.308623
802,11.674947,0.000001,0.309829
803,11.686265,0.000001,0.311752
804,11.697299,0.000001,0.308349
805,11.713209,0.000001,0.313962
806,11.740557,0.000001,0.313628
807,11.762820,0.000001,0.310727
808,11.786887,0.000001,0.309783
809,11.800197,0.000001,0.308243
810,11.812015,0.000001,0.313896
811,11.823354,0.000001,0.310267
812,11.835320,0.000001,0.311522
813,11.846863,0.000001,0.312837
814,11.858766,0.000001,0.309717
815,11.878359,0.000001,0.314540
816,11.913610,0.000001,0.312203
817,11.933469,0.000001,0.313525
818,11.949402,0.000001,0.312443
819,11.971786,0.000001,0.315231
820,11.984098,0.000001,0.311994
821,11.997090,0.000001,0.312698
822,12.008448,0.000001,0.315289
823,12.021129,0.000001,0.310946
824,12.033691,0.000001,0.314872
825,12.047585,0.000001,0.313587
826,12.069979,0.000001,0.311038
827,12.088095,0.000001,0.313711
828,12.107251,0.000001,0.311541
829,12.122544,0.000001,0.311660
830,12.134142,0.000001,0.315597
831,12.145512,0.000001,0.314607
832,12.158543,0.000001,0.313231
833,12.171550,0.000001,0.317272
834,12.184613,0.000001,0.313884
835,12.198927,0.000001,0.313346
836,12.229284,0.000001,0.313355
837,12.253298,0.000001,0.313942
838,12.268659,0.000001,0.316958
839,12.288821,0.000001,0.313645
840,12.299837,0.000001,0.313861
841,12.311475,0.000001,0.319373
842,12.322712,0.000001,0.314695
843,12.333974,0.000001,0.317577
844,12.348093,0.000001,0.316544
845,12.363408,0.000001,0.314437
846,12.390328,0.000001,0.315531
847,12.407228,0.000001,0.315738
848,12.423641,0.000001,0.315240
